x =

    2.0000
    1.0000
    0.7854


inv_kin_sols =

    3.7321    3.7321    3.7321    3.7321    0.2679    0.2679    0.2679    0.2679
    3.7491    3.7491    1.6651    1.6651    3.7491    3.7491    1.6651    1.6651
    3.4531    0.0293    3.4531    0.0293    3.4531    0.0293    3.4531    0.0293

Testing IK solution number: 
1 
2 
3 
4 
5 
6 
7 
8 

errors =

   1.0e-13 *

    0.3086
    0.1870
    0.0175
    0.0071
    0.0182
    0.0619
    0.0225
    0.0223